7
2
1024
1024
160
16 96 16
48 96 16
80 96 16
112 96 16
144 96 16
176 96 16
208 96 16
240 96 16
272 96 16
304 96 16
336 96 16
368 96 16
400 96 16
432 96 16
464 96 16
496 96 16
528 96 16
560 96 16
464 928 16
496 928 16
528 928 16
560 928 16
592 928 16
624 928 16
656 928 16
688 928 16
720 928 16
752 928 16
784 928 16
816 928 16
848 928 16
880 928 16
912 928 16
944 928 16
976 928 16
1008 928 16
272 272 16
304 272 16
336 272 16
368 272 16
400 272 16
432 272 16
464 272 16
496 272 16
528 272 16
560 272 16
272 400 16
304 400 16
336 400 16
368 400 16
400 400 16
432 400 16
464 400 16
496 400 16
528 400 16
560 400 16
464 624 16
496 624 16
528 624 16
560 624 16
592 624 16
624 624 16
656 624 16
688 624 16
720 624 16
752 624 16
464 752 16
496 752 16
528 752 16
560 752 16
592 752 16
624 752 16
656 752 16
688 752 16
720 752 16
752 752 16
16 884 16
48 884 16
80 884 16
112 884 16
144 884 16
176 884 16
208 884 16
112 912 16
144 912 16
176 912 16
208 912 16
240 912 16
272 912 16
304 912 16
720 112 16 
752 112 16
784 112 16
816 112 16
848 112 16
880 112 16
912 112 16
816 240 16
848 240 16
880 240 16
912 240 16
944 240 16
976 240 16
1008 240 16
688 80 16
688 112 16
688 144 16
688 176 16
688 208 16
688 240 16
688 272 16
688 304 16
688 336 16
688 368 16
688 400 16
688 432 16
688 464 16
688 496 16
144 240 16
144 272 16
144 304 16
144 336 16
144 368 16
144 400 16
144 432 16
144 464 16
144 496 16
144 528 16
144 560 16
144 592 16
144 624 16
144 656 16
336 528 16 
336 560 16 
336 592 16 
336 624 16 
336 656 16 
336 688 16 
336 720 16 
336 752 16 
336 784 16 
336 816 16 
336 848 16 
336 880 16 
336 912 16 
336 944 16
880 368 16
880 400 16
880 432 16
880 464 16
880 496 16
880 528 16
880 560 16
880 592 16
880 624 16
880 656 16
880 688 16
880 720 16
880 752 16
880 784 16 
1
team_name_1
5
1 40 40 0
2 80 40 0
3 120 40 0
4 320 325 0
5 512 325 0
2
team_name_2
5
1 984 984 3.1415
2 944 984 3.1415
3 904 984 3.1415
4 512 699 3.1415
5 704 699 3.1415
